              precision    recall  f1-score   support

           0     0.8857    0.7561    0.8158        41
           1     0.8163    0.9756    0.8889        41
           2     0.8444    0.9268    0.8837        41
           3     0.9714    0.8293    0.8947        41
           4     0.8387    0.6341    0.7222        41
           5     1.0000    0.9268    0.9620        41
           6     0.5893    0.8049    0.6804        41
           7     0.7200    0.8780    0.7912        41
           8     0.9062    0.7073    0.7945        41
           9     0.8684    0.8250    0.8462        40

    accuracy                         0.8264       409
   macro avg     0.8441    0.8264    0.8280       409
weighted avg     0.8440    0.8264    0.8279       409
