              precision    recall  f1-score   support

           0     0.8889    0.7805    0.8312        41
           1     0.6667    0.9756    0.7921        41
           2     0.4634    0.9268    0.6179        41
           3     0.7857    0.8049    0.7952        41
           4     0.9333    0.3415    0.5000        41
           5     1.0000    0.7073    0.8286        41
           6     0.4783    0.5366    0.5057        41
           7     0.7647    0.6341    0.6933        41
           8     0.8148    0.5366    0.6471        41
           9     0.8158    0.7750    0.7949        40

    accuracy                         0.7017       409
   macro avg     0.7612    0.7019    0.7006       409
weighted avg     0.7610    0.7017    0.7004       409
