              precision    recall  f1-score   support

           0     0.9211    0.8537    0.8861        41
           1     0.8511    0.9756    0.9091        41
           2     0.7500    0.8780    0.8090        41
           3     1.0000    0.8537    0.9211        41
           4     1.0000    0.6341    0.7761        41
           5     1.0000    0.9756    0.9877        41
           6     0.6735    0.8049    0.7333        41
           7     0.6863    0.8537    0.7609        41
           8     0.8485    0.6829    0.7568        41
           9     0.8333    0.8750    0.8537        40

    accuracy                         0.8386       409
   macro avg     0.8564    0.8387    0.8394       409
weighted avg     0.8564    0.8386    0.8393       409
